"Epic","Feature","Story","FAILED","BROKEN","PASSED","SKIPPED","UNKNOWN"
"","auth_admin","","9","0","2","0","0"
"","rpc","","3","0","0","0","0"
"","storage","","2","0","17","0","0"
"","","","0","0","0","7","0"
"","authentication","","5","0","0","0","0"
"","triggers","","1","0","0","0","0"
"","postgrest","","4","0","0","0","0"
