"Epic","Feature","Story","FAILED","BROKEN","PASSED","SKIPPED","UNKNOWN"
"","","","0","0","0","28","0"
"","storage","","0","0","17","0","0"
"","postgrest","","0","0","4","0","0"
"","auth_admin","","0","0","11","0","0"
"","authentication","","0","0","7","0","0"
"","realtime","","0","0","6","0","0"
"","triggers","","0","0","1","0","0"
"","rpc","","0","0","3","0","0"
